[gd_scene format=3 uid="uid://b3ng5ly3u58n8"]

[ext_resource type="PackedScene" uid="uid://c4ballp1nb411" path="res://ball.tscn" id="1_ball"]
[ext_resource type="PackedScene" uid="uid://sex1mn00jpq7" path="res://flipper.tscn" id="2_flipper"]

[sub_resource type="BoxMesh" id="BoxMesh_playfield"]
size = Vector3(6, 0.2, 12)

[sub_resource type="StandardMaterial3D" id="Mat_playfield"]
albedo_color = Color(0.12, 0.32, 0.18, 1)
roughness = 0.7

[sub_resource type="BoxShape3D" id="BoxShape3D_playfield"]
size = Vector3(6, 0.2, 12)

[sub_resource type="PhysicsMaterial" id="PhysicsMaterial_0xm2m"]

[sub_resource type="BoxMesh" id="BoxMesh_wall_side"]
size = Vector3(0.3, 0.7, 12)

[sub_resource type="StandardMaterial3D" id="Mat_wall"]
albedo_color = Color(0.35, 0.25, 0.18, 1)

[sub_resource type="BoxShape3D" id="BoxShape3D_wall_side"]
size = Vector3(0.3, 0.7, 12)

[sub_resource type="BoxMesh" id="BoxMesh_wall_top"]
size = Vector3(6.6, 0.7, 0.3)

[sub_resource type="BoxShape3D" id="BoxShape3D_wall_top"]
size = Vector3(6.6, 0.7, 0.3)

[sub_resource type="PhysicsMaterial" id="PhysicsMaterial_h2yge"]

[node name="World" type="Node3D" unique_id=619023377]

[node name="DirectionalLight3D" type="DirectionalLight3D" parent="." unique_id=541774684]
transform = Transform3D(0.96592593, 0.08844062, -0.24323969, -0.01019749, 0.952081, 0.3056767, 0.258618, -0.29278043, 0.9205416, 0, 8, 0)
shadow_enabled = true

[node name="Camera3D" type="Camera3D" parent="." unique_id=501232139]
transform = Transform3D(1, 0, 0, 0, 0.835088, 0.5501164, 0, -0.5501164, 0.835088, -1.5304501, 2.0563111, 7.4960413)
current = true

[node name="Playfield" type="StaticBody3D" parent="." unique_id=717881652]
transform = Transform3D(1, 0, 0, 0, 0.9167187, -0.39953315, 0, 0.39953315, 0.9167187, -1.612901, 0, 0)

[node name="Mesh" type="MeshInstance3D" parent="Playfield" unique_id=691765929]
transform = Transform3D(1, 0, 0, 0, 1, 0, 0, 0, 1, 0, -0.1, 0)
mesh = SubResource("BoxMesh_playfield")
surface_material_override/0 = SubResource("Mat_playfield")

[node name="CollisionShape3D" type="CollisionShape3D" parent="Playfield" unique_id=917662783]
transform = Transform3D(1, 0, 0, 0, 1, 0, 0, 0, 1, 0, -0.1, 0)
shape = SubResource("BoxShape3D_playfield")

[node name="WallRight" type="StaticBody3D" parent="Playfield" unique_id=618838804]
transform = Transform3D(1, 0, 0, 0, 1, 0, 0, 0, 1, 3.15, 0.35, 0)
physics_material_override = SubResource("PhysicsMaterial_0xm2m")

[node name="Mesh" type="MeshInstance3D" parent="Playfield/WallRight" unique_id=204980815]
mesh = SubResource("BoxMesh_wall_side")
surface_material_override/0 = SubResource("Mat_wall")

[node name="CollisionShape3D" type="CollisionShape3D" parent="Playfield/WallRight" unique_id=468290590]
shape = SubResource("BoxShape3D_wall_side")

[node name="WallTop" type="StaticBody3D" parent="Playfield" unique_id=416342876]
transform = Transform3D(1, 0, 0, 0, 1, 0, 0, 0, 1, 0, 0.35, -6.15)

[node name="Mesh" type="MeshInstance3D" parent="Playfield/WallTop" unique_id=2020262987]
mesh = SubResource("BoxMesh_wall_top")
surface_material_override/0 = SubResource("Mat_wall")

[node name="CollisionShape3D" type="CollisionShape3D" parent="Playfield/WallTop" unique_id=699451401]
shape = SubResource("BoxShape3D_wall_top")

[node name="WallRight2" type="StaticBody3D" parent="Playfield" unique_id=1820808481]
transform = Transform3D(1, 0, 0, 0, 0.99999994, 0, 0, 0, 0.99999994, 0, 0.35, 0)
physics_material_override = SubResource("PhysicsMaterial_0xm2m")

[node name="Mesh" type="MeshInstance3D" parent="Playfield/WallRight2" unique_id=909600206]
mesh = SubResource("BoxMesh_wall_side")
surface_material_override/0 = SubResource("Mat_wall")

[node name="CollisionShape3D" type="CollisionShape3D" parent="Playfield/WallRight2" unique_id=1086366913]
shape = SubResource("BoxShape3D_wall_side")

[node name="WallRight3" type="StaticBody3D" parent="Playfield" unique_id=836507204]
transform = Transform3D(1, 0, 0, 0, 0.9999999, 0, 0, 0, 0.9999999, -3.15, 0.35, 0)
physics_material_override = SubResource("PhysicsMaterial_0xm2m")

[node name="Mesh" type="MeshInstance3D" parent="Playfield/WallRight3" unique_id=1348121043]
mesh = SubResource("BoxMesh_wall_side")
surface_material_override/0 = SubResource("Mat_wall")

[node name="CollisionShape3D" type="CollisionShape3D" parent="Playfield/WallRight3" unique_id=2140569344]
shape = SubResource("BoxShape3D_wall_side")

[node name="BallSpawn" type="BallSpawn" parent="Playfield" unique_id=609104153]
ball_scene = ExtResource("1_ball")
transform = Transform3D(1, 0, 0, 0, 0.91188365, -0.41044825, 0, 0.41044825, 0.91188365, 1.575, 0, 0)

[node name="BallSpawn2" type="BallSpawn" parent="Playfield" unique_id=1157848461]
ball_scene = ExtResource("1_ball")
transform = Transform3D(1, 0, 0, 0, 0.91188365, -0.41044825, 0, 0.41044825, 0.91188365, -1.575, 0, 0)

[node name="Flipper" parent="Playfield" unique_id=701900562 instance=ExtResource("2_flipper")]
input_action = &"flipper_right"
transform = Transform3D(-1, 0, -8.742278e-08, 0, 1.0000002, 0, 8.742279e-08, 0, -1.0000002, 0, 0.351, 5.124)

[node name="Flipper2" parent="Playfield" unique_id=1667489907 instance=ExtResource("2_flipper")]
rest_angle_deg = -30.0
input_action = &"flipper_right"
transform = Transform3D(-1, 0, -8.742278e-08, 0, 1.0000005, -2.9802322e-08, 8.7422805e-08, -2.9802322e-08, -1.0000005, 3.15, 0.351, 5.124)
mass = 1.0
physics_material_override = SubResource("PhysicsMaterial_h2yge")
